000001 0 1
1000 1 00
11011 11 01
101010 10 10
001001 00 01
1010010110 101 00
1110110111 110 11
0110110110 011 10
110011100011 1100 11
101001101011 1010 11
111100111000 111 100
010110010110 01 0110
10101010101010 10 1010
1100110011001100 1100 1100
0011001100110011 00 1100
1011101011010110110 1011 10110
11101111011101110111 1110 111
10011010100110101001 1001 101
10100101101001011010 1010 0101
11100011100011100011 111 0001
1010110101101011010110110 10101 1101
11011011011011011011011011 1101 1011
1110011100111001110011100 11100 1100
010010010010010010010010010 01 0010
1001001001001001001001001001 100 1001
110011001100110011001100110011 1100 1100
11110000111100001111000011110000 1111 0000
1010101010101010101010101010101010 10 101010
1001100110011001100110011001100110011 1001 1001
1110111011101110111011101110111011101110 1110 1110
